 ------- BEAMDYN V1.00.* INDIVIDUAL BLADE INPUT FILE --------------------------
 Test Format 1
 ---------------------- BLADE PARAMETERS --------------------------------------
64   station_total    - Number of blade input stations (-)
 1   damp_type        - Damping type: 0: no damping; 1: damped
  ---------------------- DAMPING COEFFICIENT------------------------------------
   mu1        mu2        mu3        mu4        mu5        mu6
   (-)        (-)        (-)        (-)        (-)        (-)
	 2.99005e-03 	 2.18775e-03 	 8.41708e-04 	 2.18775e-03 	 2.99005e-03 	 8.41708e-04
 ---------------------- DISTRIBUTED PROPERTIES---------------------------------
	 0.000000 
	 7.6807863717365551e+09 	 -1.8918466896941098e+01 	 0.0000000000000000e+00 	 0.0000000000000000e+00 	 0.0000000000000000e+00 	 -2.6191122665843982e+03
	 -1.8919235463436955e+01 	 7.6807889668255215e+09 	 0.0000000000000000e+00 	 0.0000000000000000e+00 	 0.0000000000000000e+00 	 -2.6145479986892916e+01
	 0.0000000000000000e+00 	 0.0000000000000000e+00 	 5.2499296418949860e+10 	 1.7651467434330523e+04 	 1.4768311370229617e+02 	 0.0000000000000000e+00
	 0.0000000000000000e+00 	 0.0000000000000000e+00 	 1.7651471102428884e+04 	 2.1290848926972772e+11 	 5.0514045637982792e+02 	 0.0000000000000000e+00
	 0.0000000000000000e+00 	 0.0000000000000000e+00 	 1.4767919198868762e+02 	 5.0513888390658974e+02 	 2.1290841471771622e+11 	 0.0000000000000000e+00
	 -2.6191122656416405e+03 	 -2.6145481140436086e+01 	 0.0000000000000000e+00 	 0.0000000000000000e+00 	 0.0000000000000000e+00 	 1.2451447215784506e+11

	 3.6191563200382184e+03 	 0.0000000000000000e+00 	 0.0000000000000000e+00 	 0.0000000000000000e+00 	 0.0000000000000000e+00 	 -1.2141969891048751e-03
	 0.0000000000000000e+00 	 3.6191563200382184e+03 	 0.0000000000000000e+00 	 0.0000000000000000e+00 	 0.0000000000000000e+00 	 -9.7546927315575026e-06
	 0.0000000000000000e+00 	 0.0000000000000000e+00 	 3.6191563200382184e+03 	 1.2141969891048751e-03 	 9.7546927315575026e-06 	 0.0000000000000000e+00
	 0.0000000000000000e+00 	 0.0000000000000000e+00 	 1.2141969891048751e-03 	 1.4678610793896996e+04 	 3.4367147153299520e-05 	 0.0000000000000000e+00
	 0.0000000000000000e+00 	 0.0000000000000000e+00 	 9.7546927315575026e-06 	 3.4367147153299520e-05 	 1.4678605656637686e+04 	 0.0000000000000000e+00
	 -1.2141969891048751e-03 	 -9.7546927315575026e-06 	 0.0000000000000000e+00 	 0.0000000000000000e+00 	 0.0000000000000000e+00 	 2.9357216450534703e+04

	 0.001772 
	 7.6636077477215376e+09 	 -6.4097871592231852e+04 	 0.0000000000000000e+00 	 0.0000000000000000e+00 	 0.0000000000000000e+00 	 4.8530947010935001e+07
	 -6.4097871571119271e+04 	 7.6807744696512489e+09 	 0.0000000000000000e+00 	 0.0000000000000000e+00 	 0.0000000000000000e+00 	 1.7769744296002842e+05
	 0.0000000000000000e+00 	 0.0000000000000000e+00 	 5.2503038015152145e+10 	 1.5944087782204013e+07 	 8.5845121385884209e+04 	 0.0000000000000000e+00
	 0.0000000000000000e+00 	 0.0000000000000000e+00 	 1.5944087852475047e+07 	 2.1293845923665326e+11 	 2.7885301036792621e+05 	 0.0000000000000000e+00
	 0.0000000000000000e+00 	 0.0000000000000000e+00 	 8.5845117439569949e+04 	 2.7885301304912020e+05 	 2.1290863190330035e+11 	 0.0000000000000000e+00
	 4.8530947010927826e+07 	 1.7769744297234440e+05 	 0.0000000000000000e+00 	 0.0000000000000000e+00 	 0.0000000000000000e+00 	 1.2437354984050494e+11

	 3.6192325949947513e+03 	 0.0000000000000000e+00 	 0.0000000000000000e+00 	 0.0000000000000000e+00 	 0.0000000000000000e+00 	 -5.8746997174468740e-01
	 0.0000000000000000e+00 	 3.6192325949947513e+03 	 0.0000000000000000e+00 	 0.0000000000000000e+00 	 0.0000000000000000e+00 	 2.2215866798413098e-04
	 0.0000000000000000e+00 	 0.0000000000000000e+00 	 3.6192325949947513e+03 	 5.8746997174468740e-01 	 -2.2215866798413098e-04 	 0.0000000000000000e+00
	 0.0000000000000000e+00 	 0.0000000000000000e+00 	 5.8746997174468740e-01 	 1.4679232732145078e+04 	 1.0557114599517871e-03 	 0.0000000000000000e+00
	 0.0000000000000000e+00 	 0.0000000000000000e+00 	 -2.2215866798413098e-04 	 1.0557114599517871e-03 	 1.4678619457174354e+04 	 0.0000000000000000e+00
	 -5.8746997174468740e-01 	 2.2215866798413098e-04 	 0.0000000000000000e+00 	 0.0000000000000000e+00 	 0.0000000000000000e+00 	 2.9357852189319434e+04

	 0.004602 
	 7.6586219541930618e+09 	 -2.9503967590153625e+05 	 0.0000000000000000e+00 	 0.0000000000000000e+00 	 0.0000000000000000e+00 	 -3.6924298746764407e+07
	 -2.9503967683063273e+05 	 7.6808060537996531e+09 	 0.0000000000000000e+00 	 0.0000000000000000e+00 	 0.0000000000000000e+00 	 4.7740842325610371e+05
	 0.0000000000000000e+00 	 0.0000000000000000e+00 	 5.2517354341480217e+10 	 4.5634092525833204e+07 	 1.6178600383352864e+05 	 0.0000000000000000e+00
	 0.0000000000000000e+00 	 0.0000000000000000e+00 	 4.5634092514689185e+07 	 2.1305329452387573e+11 	 1.0205468345586204e+06 	 0.0000000000000000e+00
	 0.0000000000000000e+00 	 0.0000000000000000e+00 	 1.6178600101009454e+05 	 1.0205468345669875e+06 	 2.1290939509244641e+11 	 0.0000000000000000e+00
	 -3.6924298746732146e+07 	 4.7740842327506060e+05 	 0.0000000000000000e+00 	 0.0000000000000000e+00 	 0.0000000000000000e+00 	 1.2433129357084705e+11

	 3.6202984285964503e+03 	 0.0000000000000000e+00 	 0.0000000000000000e+00 	 0.0000000000000000e+00 	 0.0000000000000000e+00 	 -3.8924338253200790e+00
	 0.0000000000000000e+00 	 3.6202984285964503e+03 	 0.0000000000000000e+00 	 0.0000000000000000e+00 	 0.0000000000000000e+00 	 1.7018193067422360e-04
	 0.0000000000000000e+00 	 0.0000000000000000e+00 	 3.6202984285964503e+03 	 3.8924338253200790e+00 	 -1.7018193067422360e-04 	 0.0000000000000000e+00
	 0.0000000000000000e+00 	 0.0000000000000000e+00 	 3.8924338253200790e+00 	 1.4687830667520260e+04 	 1.1813421326915159e-03 	 0.0000000000000000e+00
	 0.0000000000000000e+00 	 0.0000000000000000e+00 	 -1.7018193067422360e-04 	 1.1813421326915159e-03 	 1.4678646727098678e+04 	 0.0000000000000000e+00
	 -3.8924338253200790e+00 	 1.7018193067422360e-04 	 0.0000000000000000e+00 	 0.0000000000000000e+00 	 0.0000000000000000e+00 	 2.9366477394618927e+04

	 0.008836 
	 7.6586308192438841e+09 	 -2.9510029742690985e+05 	 0.0000000000000000e+00 	 0.0000000000000000e+00 	 0.0000000000000000e+00 	 -3.9030492268092833e+07
	 -2.9510029686372366e+05 	 7.6808092213193531e+09 	 0.0000000000000000e+00 	 0.0000000000000000e+00 	 0.0000000000000000e+00 	 4.7726600575816119e+05
	 0.0000000000000000e+00 	 0.0000000000000000e+00 	 5.2517420421659676e+10 	 6.0020992745964132e+07 	 1.6219830892877289e+05 	 0.0000000000000000e+00
	 0.0000000000000000e+00 	 0.0000000000000000e+00 	 6.0020992741573222e+07 	 2.1305394678935422e+11 	 1.0222644355828377e+06 	 0.0000000000000000e+00
	 0.0000000000000000e+00 	 0.0000000000000000e+00 	 1.6219830758822701e+05 	 1.0222644341133123e+06 	 2.1290990596618018e+11 	 0.0000000000000000e+00
	 -3.9030492268081643e+07 	 4.7726600575596961e+05 	 0.0000000000000000e+00 	 0.0000000000000000e+00 	 0.0000000000000000e+00 	 1.2433158290889767e+11

	 3.6203022369134483e+03 	 0.0000000000000000e+00 	 0.0000000000000000e+00 	 0.0000000000000000e+00 	 0.0000000000000000e+00 	 -4.8864519289694561e+00
	 0.0000000000000000e+00 	 3.6203022369134483e+03 	 0.0000000000000000e+00 	 0.0000000000000000e+00 	 0.0000000000000000e+00 	 1.3110671207536718e-04
	 0.0000000000000000e+00 	 0.0000000000000000e+00 	 3.6203022369134483e+03 	 4.8864519289694561e+00 	 -1.3110671207536718e-04 	 0.0000000000000000e+00
	 0.0000000000000000e+00 	 0.0000000000000000e+00 	 4.8864519289694561e+00 	 1.4687870017881558e+04 	 1.2649442033587808e-03 	 0.0000000000000000e+00
	 0.0000000000000000e+00 	 0.0000000000000000e+00 	 -1.3110671207536718e-04 	 1.2649442033587808e-03 	 1.4678681942796864e+04 	 0.0000000000000000e+00
	 -4.8864519289694561e+00 	 1.3110671207536718e-04 	 0.0000000000000000e+00 	 0.0000000000000000e+00 	 0.0000000000000000e+00 	 2.9366551960678382e+04

	 0.014464 
	 7.6467388442363157e+09 	 -3.7026077423266467e+05 	 0.0000000000000000e+00 	 0.0000000000000000e+00 	 0.0000000000000000e+00 	 -7.7848355884925146e+06
	 -3.7026077524546540e+05 	 7.6807701709070139e+09 	 0.0000000000000000e+00 	 0.0000000000000000e+00 	 0.0000000000000000e+00 	 6.9121754157658387e+05
	 0.0000000000000000e+00 	 0.0000000000000000e+00 	 5.2510022529738350e+10 	 5.7833867757395461e+07 	 4.2993191111308173e+04 	 0.0000000000000000e+00
	 0.0000000000000000e+00 	 0.0000000000000000e+00 	 5.7833867761252522e+07 	 2.1299472541420880e+11 	 6.8560307040451537e+05 	 0.0000000000000000e+00
	 0.0000000000000000e+00 	 0.0000000000000000e+00 	 4.2993192696559403e+04 	 6.8560307202453876e+05 	 2.1291028785322980e+11 	 0.0000000000000000e+00
	 -7.7848355885006562e+06 	 6.9121754158114386e+05 	 0.0000000000000000e+00 	 0.0000000000000000e+00 	 0.0000000000000000e+00 	 1.2423460173953679e+11

	 3.6195939740386070e+03 	 0.0000000000000000e+00 	 0.0000000000000000e+00 	 0.0000000000000000e+00 	 0.0000000000000000e+00 	 -4.1769020891309543e+00
	 0.0000000000000000e+00 	 3.6195939740386070e+03 	 0.0000000000000000e+00 	 0.0000000000000000e+00 	 0.0000000000000000e+00 	 1.1231811486594228e-02
	 0.0000000000000000e+00 	 0.0000000000000000e+00 	 3.6195939740386070e+03 	 4.1769020891309543e+00 	 -1.1231811486594228e-02 	 0.0000000000000000e+00
	 0.0000000000000000e+00 	 0.0000000000000000e+00 	 4.1769020891309543e+00 	 1.4682172759687315e+04 	 -3.0189830604479787e-02 	 0.0000000000000000e+00
	 0.0000000000000000e+00 	 0.0000000000000000e+00 	 -1.1231811486594228e-02 	 -3.0189830604479787e-02 	 1.4678726481283307e+04 	 0.0000000000000000e+00
	 -4.1769020891309543e+00 	 1.1231811486594228e-02 	 0.0000000000000000e+00 	 0.0000000000000000e+00 	 0.0000000000000000e+00 	 2.9360899240970612e+04

	 0.021462 
	 7.5269192349137335e+09 	 3.7449797782493308e+06 	 0.0000000000000000e+00 	 0.0000000000000000e+00 	 0.0000000000000000e+00 	 2.5575413192011499e+08
	 3.7449797805630928e+06 	 7.6588182189443760e+09 	 0.0000000000000000e+00 	 0.0000000000000000e+00 	 0.0000000000000000e+00 	 8.8741320914232843e+06
	 0.0000000000000000e+00 	 0.0000000000000000e+00 	 5.2133028158104340e+10 	 -5.7303539729027915e+08 	 -5.7733699967617303e+07 	 0.0000000000000000e+00
	 0.0000000000000000e+00 	 0.0000000000000000e+00 	 -5.7303539728716815e+08 	 2.1160958536454807e+11 	 -1.1932204803294955e+08 	 0.0000000000000000e+00
	 0.0000000000000000e+00 	 0.0000000000000000e+00 	 -5.7733699963061877e+07 	 -1.1932204803694968e+08 	 2.1111007650530438e+11 	 0.0000000000000000e+00
	 2.5575413192036116e+08 	 8.8741320912837964e+06 	 0.0000000000000000e+00 	 0.0000000000000000e+00 	 0.0000000000000000e+00 	 1.2307092908732729e+11

	 3.5933909344073245e+03 	 0.0000000000000000e+00 	 0.0000000000000000e+00 	 0.0000000000000000e+00 	 0.0000000000000000e+00 	 3.9527800251538920e+01
	 0.0000000000000000e+00 	 3.5933909344073245e+03 	 0.0000000000000000e+00 	 0.0000000000000000e+00 	 0.0000000000000000e+00 	 3.7839811710315017e+00
	 0.0000000000000000e+00 	 0.0000000000000000e+00 	 3.5933909344073245e+03 	 -3.9527800251538920e+01 	 -3.7839811710315017e+00 	 0.0000000000000000e+00
	 0.0000000000000000e+00 	 0.0000000000000000e+00 	 -3.9527800251538920e+01 	 1.4586015613905596e+04 	 -8.2320944327156873e+00 	 0.0000000000000000e+00
	 0.0000000000000000e+00 	 0.0000000000000000e+00 	 -3.7839811710315017e+00 	 -8.2320944327156873e+00 	 1.4553415799720873e+04 	 0.0000000000000000e+00
	 3.9527800251538920e+01 	 3.7839811710315017e+00 	 0.0000000000000000e+00 	 0.0000000000000000e+00 	 0.0000000000000000e+00 	 2.9139431413626480e+04

	 0.029826 
	 6.0270429612111816e+09 	 1.9572800674341548e+07 	 0.0000000000000000e+00 	 0.0000000000000000e+00 	 0.0000000000000000e+00 	 1.1190561536262584e+09
	 1.9572800675650597e+07 	 6.6230474657315998e+09 	 0.0000000000000000e+00 	 0.0000000000000000e+00 	 0.0000000000000000e+00 	 1.0516191825256087e+08
	 0.0000000000000000e+00 	 0.0000000000000000e+00 	 4.4008694042967323e+10 	 -3.1913288342636499e+09 	 -4.2888605630845630e+08 	 0.0000000000000000e+00
	 0.0000000000000000e+00 	 0.0000000000000000e+00 	 -3.1913288342638116e+09 	 1.7773051786646347e+11 	 -9.8835963680660880e+08 	 0.0000000000000000e+00
	 0.0000000000000000e+00 	 0.0000000000000000e+00 	 -4.2888605630666625e+08 	 -9.8835963680317104e+08 	 1.6890723288126804e+11 	 0.0000000000000000e+00
	 1.1190561536265576e+09 	 1.0516191825236925e+08 	 0.0000000000000000e+00 	 0.0000000000000000e+00 	 0.0000000000000000e+00 	 9.9402049430112061e+10

	 3.0335018047317221e+03 	 0.0000000000000000e+00 	 0.0000000000000000e+00 	 0.0000000000000000e+00 	 0.0000000000000000e+00 	 2.2384852272911067e+02
	 0.0000000000000000e+00 	 3.0335018047317221e+03 	 0.0000000000000000e+00 	 0.0000000000000000e+00 	 0.0000000000000000e+00 	 2.9547788634176861e+01
	 0.0000000000000000e+00 	 0.0000000000000000e+00 	 3.0335018047317221e+03 	 -2.2384852272911067e+02 	 -2.9547788634176861e+01 	 0.0000000000000000e+00
	 0.0000000000000000e+00 	 0.0000000000000000e+00 	 -2.2384852272911067e+02 	 1.2244180079380714e+04 	 -6.8153856797624883e+01 	 0.0000000000000000e+00
	 0.0000000000000000e+00 	 0.0000000000000000e+00 	 -2.9547788634176861e+01 	 -6.8153856797624883e+01 	 1.1649850765455953e+04 	 0.0000000000000000e+00
	 2.2384852272911067e+02 	 2.9547788634176861e+01 	 0.0000000000000000e+00 	 0.0000000000000000e+00 	 0.0000000000000000e+00 	 2.3894030844836703e+04

	 0.039524 
	 3.7024925385619240e+09 	 -2.7478798763885801e+06 	 0.0000000000000000e+00 	 0.0000000000000000e+00 	 0.0000000000000000e+00 	 1.3103758445202999e+09
	 -2.7478798772512530e+06 	 4.6033496517525167e+09 	 0.0000000000000000e+00 	 0.0000000000000000e+00 	 0.0000000000000000e+00 	 3.1147181831751144e+08
	 0.0000000000000000e+00 	 0.0000000000000000e+00 	 3.1945796868097431e+10 	 -3.1106969652609591e+09 	 -1.7891885961681685e+09 	 0.0000000000000000e+00
	 0.0000000000000000e+00 	 0.0000000000000000e+00 	 -3.1106969652609572e+09 	 1.2606747687824419e+11 	 -5.4141338179006624e+09 	 0.0000000000000000e+00
	 0.0000000000000000e+00 	 0.0000000000000000e+00 	 -1.7891885961664369e+09 	 -5.4141338178984156e+09 	 1.2724766343470662e+11 	 0.0000000000000000e+00
	 1.3103758445206425e+09 	 3.1147181831748176e+08 	 0.0000000000000000e+00 	 0.0000000000000000e+00 	 0.0000000000000000e+00 	 6.5041121805880569e+10

	 2.0493996958001439e+03 	 0.0000000000000000e+00 	 0.0000000000000000e+00 	 0.0000000000000000e+00 	 0.0000000000000000e+00 	 1.8061287504583524e+02
	 0.0000000000000000e+00 	 2.0493996958001439e+03 	 0.0000000000000000e+00 	 0.0000000000000000e+00 	 0.0000000000000000e+00 	 7.0134928768913369e+01
	 0.0000000000000000e+00 	 0.0000000000000000e+00 	 2.0493996958001439e+03 	 -1.8061287504583524e+02 	 -7.0134928768913369e+01 	 0.0000000000000000e+00
	 0.0000000000000000e+00 	 0.0000000000000000e+00 	 -1.8061287504583524e+02 	 8.5427978942640948e+03 	 -1.8238342236333128e+02 	 0.0000000000000000e+00
	 0.0000000000000000e+00 	 0.0000000000000000e+00 	 -7.0134928768913369e+01 	 -1.8238342236333128e+02 	 7.7289213236606947e+03 	 0.0000000000000000e+00
	 1.8061287504583524e+02 	 7.0134928768913369e+01 	 0.0000000000000000e+00 	 0.0000000000000000e+00 	 0.0000000000000000e+00 	 1.6271719217924836e+04

	 0.050536 
	 2.9574331803013401e+09 	 1.6975259877531284e+08 	 0.0000000000000000e+00 	 0.0000000000000000e+00 	 0.0000000000000000e+00 	 3.1401560296302772e+08
	 1.6975259877246720e+08 	 3.1304783479657230e+09 	 0.0000000000000000e+00 	 0.0000000000000000e+00 	 0.0000000000000000e+00 	 4.0798829335467577e+08
	 0.0000000000000000e+00 	 0.0000000000000000e+00 	 3.1377587490238434e+10 	 1.2730874560702705e+08 	 -3.7291649775431876e+09 	 0.0000000000000000e+00
	 0.0000000000000000e+00 	 0.0000000000000000e+00 	 1.2730874560195312e+08 	 1.0474879942243225e+11 	 -1.6624510218683123e+10 	 0.0000000000000000e+00
	 0.0000000000000000e+00 	 0.0000000000000000e+00 	 -3.7291649775382328e+09 	 -1.6624510218678198e+10 	 1.4555335244414664e+11 	 0.0000000000000000e+00
	 3.1401560296385860e+08 	 4.0798829335528380e+08 	 0.0000000000000000e+00 	 0.0000000000000000e+00 	 0.0000000000000000e+00 	 4.3543968105361664e+10

	 1.7460750458294872e+03 	 0.0000000000000000e+00 	 0.0000000000000000e+00 	 0.0000000000000000e+00 	 0.0000000000000000e+00 	 -1.9606171179235730e+02
	 0.0000000000000000e+00 	 1.7460750458294872e+03 	 0.0000000000000000e+00 	 0.0000000000000000e+00 	 0.0000000000000000e+00 	 7.5405907402487600e+01
	 0.0000000000000000e+00 	 0.0000000000000000e+00 	 1.7460750458294872e+03 	 1.9606171179235730e+02 	 -7.5405907402487600e+01 	 0.0000000000000000e+00
	 0.0000000000000000e+00 	 0.0000000000000000e+00 	 1.9606171179235730e+02 	 6.9477788961498973e+03 	 -4.0917652388528199e+02 	 0.0000000000000000e+00
	 0.0000000000000000e+00 	 0.0000000000000000e+00 	 -7.5405907402487600e+01 	 -4.0917652388528199e+02 	 6.0516865299442743e+03 	 0.0000000000000000e+00
	 -1.9606171179235730e+02 	 7.5405907402487600e+01 	 0.0000000000000000e+00 	 0.0000000000000000e+00 	 0.0000000000000000e+00 	 1.2999465426094173e+04

	 0.062793 
	 2.1573889383461118e+09 	 1.6662185873661935e+08 	 0.0000000000000000e+00 	 0.0000000000000000e+00 	 0.0000000000000000e+00 	 1.7366453213537091e+08
	 1.6662185872134823e+08 	 2.4181763262328176e+09 	 0.0000000000000000e+00 	 0.0000000000000000e+00 	 0.0000000000000000e+00 	 5.2229571872379982e+08
	 0.0000000000000000e+00 	 0.0000000000000000e+00 	 2.9864820571312962e+10 	 4.0146779214531651e+09 	 -3.1283253782942796e+09 	 0.0000000000000000e+00
	 0.0000000000000000e+00 	 0.0000000000000000e+00 	 4.0146779213665514e+09 	 1.0095232231124423e+11 	 -1.7917082688147133e+10 	 0.0000000000000000e+00
	 0.0000000000000000e+00 	 0.0000000000000000e+00 	 -3.1283253783138266e+09 	 -1.7917082688159317e+10 	 1.2856961014350110e+11 	 0.0000000000000000e+00
	 1.7366453213398263e+08 	 5.2229571873602611e+08 	 0.0000000000000000e+00 	 0.0000000000000000e+00 	 0.0000000000000000e+00 	 3.0456850868465019e+10

	 1.5369227913917659e+03 	 0.0000000000000000e+00 	 0.0000000000000000e+00 	 0.0000000000000000e+00 	 0.0000000000000000e+00 	 -4.2848804943840014e+02
	 0.0000000000000000e+00 	 1.5369227913917659e+03 	 0.0000000000000000e+00 	 0.0000000000000000e+00 	 0.0000000000000000e+00 	 8.0615080967736503e+01
	 0.0000000000000000e+00 	 0.0000000000000000e+00 	 1.5369227913917659e+03 	 4.2848804943840014e+02 	 -8.0615080967736503e+01 	 0.0000000000000000e+00
	 0.0000000000000000e+00 	 0.0000000000000000e+00 	 4.2848804943840014e+02 	 6.5790323818605621e+03 	 -4.0442108117991665e+02 	 0.0000000000000000e+00
	 0.0000000000000000e+00 	 0.0000000000000000e+00 	 -8.0615080967736503e+01 	 -4.0442108117991665e+02 	 4.6764668506944518e+03 	 0.0000000000000000e+00
	 -4.2848804943840014e+02 	 8.0615080967736503e+01 	 0.0000000000000000e+00 	 0.0000000000000000e+00 	 0.0000000000000000e+00 	 1.1255499232554996e+04

	 0.076338 
	 1.6088801920426931e+09 	 1.4734784485693440e+08 	 0.0000000000000000e+00 	 0.0000000000000000e+00 	 0.0000000000000000e+00 	 1.5783534797086647e+08
	 1.4734784485528746e+08 	 1.8252931036368661e+09 	 0.0000000000000000e+00 	 0.0000000000000000e+00 	 0.0000000000000000e+00 	 4.9182577683901161e+08
	 0.0000000000000000e+00 	 0.0000000000000000e+00 	 2.8674808908936153e+10 	 6.0874285069992733e+09 	 -2.9102752234579110e+09 	 0.0000000000000000e+00
	 0.0000000000000000e+00 	 0.0000000000000000e+00 	 6.0874285070007839e+09 	 9.6916319695455460e+10 	 -1.8442964439691647e+10 	 0.0000000000000000e+00
	 0.0000000000000000e+00 	 0.0000000000000000e+00 	 -2.9102752234586782e+09 	 -1.8442964439691525e+10 	 1.1342048623785771e+11 	 0.0000000000000000e+00
	 1.5783534797032613e+08 	 4.9182577683951169e+08 	 0.0000000000000000e+00 	 0.0000000000000000e+00 	 0.0000000000000000e+00 	 2.0723220394759605e+10

	 1.3519056641114826e+03 	 0.0000000000000000e+00 	 0.0000000000000000e+00 	 0.0000000000000000e+00 	 0.0000000000000000e+00 	 -5.3855404868009146e+02
	 0.0000000000000000e+00 	 1.3519056641114826e+03 	 0.0000000000000000e+00 	 0.0000000000000000e+00 	 0.0000000000000000e+00 	 8.6590628412816656e+01
	 0.0000000000000000e+00 	 0.0000000000000000e+00 	 1.3519056641114826e+03 	 5.3855404868009146e+02 	 -8.6590628412816656e+01 	 0.0000000000000000e+00
	 0.0000000000000000e+00 	 0.0000000000000000e+00 	 5.3855404868009146e+02 	 6.0085702368529310e+03 	 -4.2215324446043780e+02 	 0.0000000000000000e+00
	 0.0000000000000000e+00 	 0.0000000000000000e+00 	 -8.6590628412816656e+01 	 -4.2215324446043780e+02 	 3.6361509763876411e+03 	 0.0000000000000000e+00
	 -5.3855404868009146e+02 	 8.6590628412816656e+01 	 0.0000000000000000e+00 	 0.0000000000000000e+00 	 0.0000000000000000e+00 	 9.6447212132405621e+03

	 0.091033 
	 1.2027169914052875e+09 	 1.4013293862301365e+08 	 0.0000000000000000e+00 	 0.0000000000000000e+00 	 0.0000000000000000e+00 	 1.7114588753932500e+06
	 1.4013293862457550e+08 	 1.3267367571620162e+09 	 0.0000000000000000e+00 	 0.0000000000000000e+00 	 0.0000000000000000e+00 	 2.9977987113273054e+08
	 0.0000000000000000e+00 	 0.0000000000000000e+00 	 2.8001693228469566e+10 	 8.4807657889337883e+09 	 -2.6237650672479334e+09 	 0.0000000000000000e+00
	 0.0000000000000000e+00 	 0.0000000000000000e+00 	 8.4807657889335814e+09 	 9.7112248239820633e+10 	 -1.6379112215603102e+10 	 0.0000000000000000e+00
	 0.0000000000000000e+00 	 0.0000000000000000e+00 	 -2.6237650672478480e+09 	 -1.6379112215604994e+10 	 9.6198424324418442e+10 	 0.0000000000000000e+00
	 1.7114588748078078e+06 	 2.9977987113260561e+08 	 0.0000000000000000e+00 	 0.0000000000000000e+00 	 0.0000000000000000e+00 	 1.3878784714251848e+10

	 1.1878395018457620e+03 	 0.0000000000000000e+00 	 0.0000000000000000e+00 	 0.0000000000000000e+00 	 0.0000000000000000e+00 	 -6.9401057821385632e+02
	 0.0000000000000000e+00 	 1.1878395018457620e+03 	 0.0000000000000000e+00 	 0.0000000000000000e+00 	 0.0000000000000000e+00 	 6.9547672101226468e+01
	 0.0000000000000000e+00 	 0.0000000000000000e+00 	 1.1878395018457620e+03 	 6.9401057821385632e+02 	 -6.9547672101226468e+01 	 0.0000000000000000e+00
	 0.0000000000000000e+00 	 0.0000000000000000e+00 	 6.9401057821385632e+02 	 5.6960116030866839e+03 	 -3.3630662591581228e+02 	 0.0000000000000000e+00
	 0.0000000000000000e+00 	 0.0000000000000000e+00 	 -6.9547672101226468e+01 	 -3.3630662591581228e+02 	 2.6890193280384410e+03 	 0.0000000000000000e+00
	 -6.9401057821385632e+02 	 6.9547672101226468e+01 	 0.0000000000000000e+00 	 0.0000000000000000e+00 	 0.0000000000000000e+00 	 8.3850309311251240e+03

	 0.106950 
	 8.7990910967296731e+08 	 1.2691797427925621e+08 	 0.0000000000000000e+00 	 0.0000000000000000e+00 	 0.0000000000000000e+00 	 -3.7099710200403340e+07
	 1.2691797428130311e+08 	 9.8186059469497859e+08 	 0.0000000000000000e+00 	 0.0000000000000000e+00 	 0.0000000000000000e+00 	 1.4957992226797169e+08
	 0.0000000000000000e+00 	 0.0000000000000000e+00 	 2.7048160930287285e+10 	 8.0919451144153423e+09 	 -2.4227156639449382e+09 	 0.0000000000000000e+00
	 0.0000000000000000e+00 	 0.0000000000000000e+00 	 8.0919451144161434e+09 	 9.0637795185825699e+10 	 -1.3538317556079403e+10 	 0.0000000000000000e+00
	 0.0000000000000000e+00 	 0.0000000000000000e+00 	 -2.4227156639442148e+09 	 -1.3538317556083464e+10 	 7.5623686631550491e+10 	 0.0000000000000000e+00
	 -3.7099710201644763e+07 	 1.4957992226914021e+08 	 0.0000000000000000e+00 	 0.0000000000000000e+00 	 0.0000000000000000e+00 	 9.0201885064501610e+09

	 1.0366799993685786e+03 	 0.0000000000000000e+00 	 0.0000000000000000e+00 	 0.0000000000000000e+00 	 0.0000000000000000e+00 	 -7.2078591360200278e+02
	 0.0000000000000000e+00 	 1.0366799993685786e+03 	 0.0000000000000000e+00 	 0.0000000000000000e+00 	 0.0000000000000000e+00 	 5.1020989897240838e+01
	 0.0000000000000000e+00 	 0.0000000000000000e+00 	 1.0366799993685786e+03 	 7.2078591360200278e+02 	 -5.1020989897240838e+01 	 0.0000000000000000e+00
	 0.0000000000000000e+00 	 0.0000000000000000e+00 	 7.2078591360200278e+02 	 5.1650373497650053e+03 	 -2.4928434079336873e+02 	 0.0000000000000000e+00
	 0.0000000000000000e+00 	 0.0000000000000000e+00 	 -5.1020989897240838e+01 	 -2.4928434079336873e+02 	 1.9013899202331961e+03 	 0.0000000000000000e+00
	 -7.2078591360200278e+02 	 5.1020989897240838e+01 	 0.0000000000000000e+00 	 0.0000000000000000e+00 	 0.0000000000000000e+00 	 7.0664272699982048e+03

	 0.123911 
	 7.0215751689635289e+08 	 1.0800771303586225e+08 	 0.0000000000000000e+00 	 0.0000000000000000e+00 	 0.0000000000000000e+00 	 1.5136656862527627e+07
	 1.0800771303526109e+08 	 7.5654138099298334e+08 	 0.0000000000000000e+00 	 0.0000000000000000e+00 	 0.0000000000000000e+00 	 9.6263376443053439e+07
	 0.0000000000000000e+00 	 0.0000000000000000e+00 	 2.6588761247469978e+10 	 6.6306709595453072e+09 	 -2.0589648369467225e+09 	 0.0000000000000000e+00
	 0.0000000000000000e+00 	 0.0000000000000000e+00 	 6.6306709595435600e+09 	 8.4854688191909607e+10 	 -1.1338549807380074e+10 	 0.0000000000000000e+00
	 0.0000000000000000e+00 	 0.0000000000000000e+00 	 -2.0589648369420850e+09 	 -1.1338549807377525e+10 	 6.4270278847807404e+10 	 0.0000000000000000e+00
	 1.5136656862219846e+07 	 9.6263376442942590e+07 	 0.0000000000000000e+00 	 0.0000000000000000e+00 	 0.0000000000000000e+00 	 6.1154237418963642e+09

	 9.3759479457247187e+02 	 0.0000000000000000e+00 	 0.0000000000000000e+00 	 0.0000000000000000e+00 	 0.0000000000000000e+00 	 -6.8876910385961025e+02
	 0.0000000000000000e+00 	 9.3759479457247187e+02 	 0.0000000000000000e+00 	 0.0000000000000000e+00 	 0.0000000000000000e+00 	 3.8884382918481208e+01
	 0.0000000000000000e+00 	 0.0000000000000000e+00 	 9.3759479457247187e+02 	 6.8876910385961025e+02 	 -3.8884382918481208e+01 	 0.0000000000000000e+00
	 0.0000000000000000e+00 	 0.0000000000000000e+00 	 6.8876910385961025e+02 	 4.7575768561316145e+03 	 -1.9964079620846096e+02 	 0.0000000000000000e+00
	 0.0000000000000000e+00 	 0.0000000000000000e+00 	 -3.8884382918481208e+01 	 -1.9964079620846096e+02 	 1.4759127742301391e+03 	 0.0000000000000000e+00
	 -6.8876910385961025e+02 	 3.8884382918481208e+01 	 0.0000000000000000e+00 	 0.0000000000000000e+00 	 0.0000000000000000e+00 	 6.2334896303617697e+03

	 0.141972 
	 5.7539320959637725e+08 	 9.3370675724279642e+07 	 0.0000000000000000e+00 	 0.0000000000000000e+00 	 0.0000000000000000e+00 	 4.0893724368824877e+07
	 9.3370675725203857e+07 	 7.4475212590895724e+08 	 0.0000000000000000e+00 	 0.0000000000000000e+00 	 0.0000000000000000e+00 	 9.5487974229629934e+07
	 0.0000000000000000e+00 	 0.0000000000000000e+00 	 2.6380193424019627e+10 	 6.2158742969078646e+09 	 -1.9095246808808215e+09 	 0.0000000000000000e+00
	 0.0000000000000000e+00 	 0.0000000000000000e+00 	 6.2158742969090357e+09 	 8.0264469256868195e+10 	 -8.9241378514948902e+09 	 0.0000000000000000e+00
	 0.0000000000000000e+00 	 0.0000000000000000e+00 	 -1.9095246808809447e+09 	 -8.9241378514958935e+09 	 4.8586698426114784e+10 	 0.0000000000000000e+00
	 4.0893724370253526e+07 	 9.5487974231178328e+07 	 0.0000000000000000e+00 	 0.0000000000000000e+00 	 0.0000000000000000e+00 	 4.5371721939577522e+09

	 8.7556802617749781e+02 	 0.0000000000000000e+00 	 0.0000000000000000e+00 	 0.0000000000000000e+00 	 0.0000000000000000e+00 	 -6.7736248371165561e+02
	 0.0000000000000000e+00 	 8.7556802617749781e+02 	 0.0000000000000000e+00 	 0.0000000000000000e+00 	 0.0000000000000000e+00 	 4.2487712771271248e+01
	 0.0000000000000000e+00 	 0.0000000000000000e+00 	 8.7556802617749781e+02 	 6.7736248371165561e+02 	 -4.2487712771271248e+01 	 0.0000000000000000e+00
	 0.0000000000000000e+00 	 0.0000000000000000e+00 	 6.7736248371165561e+02 	 4.5239767442765897e+03 	 -1.5949409221442787e+02 	 0.0000000000000000e+00
	 0.0000000000000000e+00 	 0.0000000000000000e+00 	 -4.2487712771271248e+01 	 -1.5949409221442787e+02 	 1.0613223492575546e+03 	 0.0000000000000000e+00
	 -6.7736248371165561e+02 	 4.2487712771271248e+01 	 0.0000000000000000e+00 	 0.0000000000000000e+00 	 0.0000000000000000e+00 	 5.5852990935341895e+03

	 0.161037 
	 5.2182767597439009e+08 	 8.0379155756429970e+07 	 0.0000000000000000e+00 	 0.0000000000000000e+00 	 0.0000000000000000e+00 	 1.1547067980544218e+08
	 8.0379155755959824e+07 	 7.4942072559874821e+08 	 0.0000000000000000e+00 	 0.0000000000000000e+00 	 0.0000000000000000e+00 	 1.1107134692332144e+08
	 0.0000000000000000e+00 	 0.0000000000000000e+00 	 2.6427089013614506e+10 	 4.1300418389403167e+09 	 -1.8260787447113903e+09 	 0.0000000000000000e+00
	 0.0000000000000000e+00 	 0.0000000000000000e+00 	 4.1300418389382300e+09 	 7.4029847226732697e+10 	 -7.6694584178477583e+09 	 0.0000000000000000e+00
	 0.0000000000000000e+00 	 0.0000000000000000e+00 	 -1.8260787447125988e+09 	 -7.6694584178463840e+09 	 4.3079455234017731e+10 	 0.0000000000000000e+00
	 1.1547067980478589e+08 	 1.1107134692003454e+08 	 0.0000000000000000e+00 	 0.0000000000000000e+00 	 0.0000000000000000e+00 	 3.6009290729163103e+09

	 8.3727304660653942e+02 	 0.0000000000000000e+00 	 0.0000000000000000e+00 	 0.0000000000000000e+00 	 0.0000000000000000e+00 	 -5.9823024935668582e+02
	 0.0000000000000000e+00 	 8.3727304660653942e+02 	 0.0000000000000000e+00 	 0.0000000000000000e+00 	 0.0000000000000000e+00 	 5.0006748337327906e+01
	 0.0000000000000000e+00 	 0.0000000000000000e+00 	 8.3727304660653942e+02 	 5.9823024935668582e+02 	 -5.0006748337327906e+01 	 0.0000000000000000e+00
	 0.0000000000000000e+00 	 0.0000000000000000e+00 	 5.9823024935668582e+02 	 4.2005957620193594e+03 	 -1.5412098504937742e+02 	 0.0000000000000000e+00
	 0.0000000000000000e+00 	 0.0000000000000000e+00 	 -5.0006748337327906e+01 	 -1.5412098504937742e+02 	 8.7730128224122848e+02 	 0.0000000000000000e+00
	 -5.9823024935668582e+02 	 5.0006748337327906e+01 	 0.0000000000000000e+00 	 0.0000000000000000e+00 	 0.0000000000000000e+00 	 5.0778970442605614e+03

	 0.181085 
	 4.7274250599088097e+08 	 7.2485535932084575e+07 	 0.0000000000000000e+00 	 0.0000000000000000e+00 	 0.0000000000000000e+00 	 1.2869488710305654e+08
	 7.2485535931514293e+07 	 7.4187732068357515e+08 	 0.0000000000000000e+00 	 0.0000000000000000e+00 	 0.0000000000000000e+00 	 1.0451593377923471e+08
	 0.0000000000000000e+00 	 0.0000000000000000e+00 	 2.6487304741194778e+10 	 3.7370070687712007e+09 	 -1.6564323580573969e+09 	 0.0000000000000000e+00
	 0.0000000000000000e+00 	 0.0000000000000000e+00 	 3.7370070687693410e+09 	 7.1040396364735703e+10 	 -6.6614557810566702e+09 	 0.0000000000000000e+00
	 0.0000000000000000e+00 	 0.0000000000000000e+00 	 -1.6564323580587559e+09 	 -6.6614557810551281e+09 	 3.7876661340985710e+10 	 0.0000000000000000e+00
	 1.2869488710340996e+08 	 1.0451593377969719e+08 	 0.0000000000000000e+00 	 0.0000000000000000e+00 	 0.0000000000000000e+00 	 2.9350196293020287e+09

	 8.0805977208932791e+02 	 0.0000000000000000e+00 	 0.0000000000000000e+00 	 0.0000000000000000e+00 	 0.0000000000000000e+00 	 -6.0371229853087482e+02
	 0.0000000000000000e+00 	 8.0805977208932791e+02 	 0.0000000000000000e+00 	 0.0000000000000000e+00 	 0.0000000000000000e+00 	 5.0056039711892296e+01
	 0.0000000000000000e+00 	 0.0000000000000000e+00 	 8.0805977208932791e+02 	 6.0371229853087482e+02 	 -5.0056039711892296e+01 	 0.0000000000000000e+00
	 0.0000000000000000e+00 	 0.0000000000000000e+00 	 6.0371229853087482e+02 	 4.1038056110479674e+03 	 -1.5081554239082379e+02 	 0.0000000000000000e+00
	 0.0000000000000000e+00 	 0.0000000000000000e+00 	 -5.0056039711892296e+01 	 -1.5081554239082379e+02 	 7.3548123978390129e+02 	 0.0000000000000000e+00
	 -6.0371229853087482e+02 	 5.0056039711892296e+01 	 0.0000000000000000e+00 	 0.0000000000000000e+00 	 0.0000000000000000e+00 	 4.8392868508318843e+03

	 0.202030 
	 4.3670021757516891e+08 	 5.9160411528114989e+07 	 0.0000000000000000e+00 	 0.0000000000000000e+00 	 0.0000000000000000e+00 	 1.3803331218182579e+08
	 5.9160411527758852e+07 	 7.2863688297381890e+08 	 0.0000000000000000e+00 	 0.0000000000000000e+00 	 0.0000000000000000e+00 	 9.9540195598194584e+07
	 0.0000000000000000e+00 	 0.0000000000000000e+00 	 2.6174461272751183e+10 	 2.4744972930359120e+09 	 -1.3605892896869764e+09 	 0.0000000000000000e+00
	 0.0000000000000000e+00 	 0.0000000000000000e+00 	 2.4744972930385094e+09 	 6.2798904730306015e+10 	 -5.2479280319298201e+09 	 0.0000000000000000e+00
	 0.0000000000000000e+00 	 0.0000000000000000e+00 	 -1.3605892896886127e+09 	 -5.2479280319319286e+09 	 3.2880690457411945e+10 	 0.0000000000000000e+00
	 1.3803331218096191e+08 	 9.9540195598425314e+07 	 0.0000000000000000e+00 	 0.0000000000000000e+00 	 0.0000000000000000e+00 	 2.3997224602175994e+09

	 7.6988483766892591e+02 	 0.0000000000000000e+00 	 0.0000000000000000e+00 	 0.0000000000000000e+00 	 0.0000000000000000e+00 	 -5.3057433547922460e+02
	 0.0000000000000000e+00 	 7.6988483766892591e+02 	 0.0000000000000000e+00 	 0.0000000000000000e+00 	 0.0000000000000000e+00 	 4.4203453906328349e+01
	 0.0000000000000000e+00 	 0.0000000000000000e+00 	 7.6988483766892591e+02 	 5.3057433547922460e+02 	 -4.4203453906328349e+01 	 0.0000000000000000e+00
	 0.0000000000000000e+00 	 0.0000000000000000e+00 	 5.3057433547922460e+02 	 3.6290786222294910e+03 	 -1.2903604722522897e+02 	 0.0000000000000000e+00
	 0.0000000000000000e+00 	 0.0000000000000000e+00 	 -4.4203453906328349e+01 	 -1.2903604722522897e+02 	 6.1627508884496035e+02 	 0.0000000000000000e+00
	 -5.3057433547922460e+02 	 4.4203453906328349e+01 	 0.0000000000000000e+00 	 0.0000000000000000e+00 	 0.0000000000000000e+00 	 4.2453537110744519e+03

	 0.223870 
	 4.1297269097511691e+08 	 5.0392854193847023e+07 	 0.0000000000000000e+00 	 0.0000000000000000e+00 	 0.0000000000000000e+00 	 1.2449377583386944e+08
	 5.0392854194207646e+07 	 7.1857880100121272e+08 	 0.0000000000000000e+00 	 0.0000000000000000e+00 	 0.0000000000000000e+00 	 8.9225037412862375e+07
	 0.0000000000000000e+00 	 0.0000000000000000e+00 	 2.5987004930111855e+10 	 2.6087686091700764e+09 	 -1.0928806288422773e+09 	 0.0000000000000000e+00
	 0.0000000000000000e+00 	 0.0000000000000000e+00 	 2.6087686091708002e+09 	 6.0144844140354805e+10 	 -4.2085253338541503e+09 	 0.0000000000000000e+00
	 0.0000000000000000e+00 	 0.0000000000000000e+00 	 -1.0928806288411119e+09 	 -4.2085253338529053e+09 	 2.9618370094175964e+10 	 0.0000000000000000e+00
	 1.2449377583317630e+08 	 8.9225037413923457e+07 	 0.0000000000000000e+00 	 0.0000000000000000e+00 	 0.0000000000000000e+00 	 2.1553993433077550e+09

	 7.4741952355468209e+02 	 0.0000000000000000e+00 	 0.0000000000000000e+00 	 0.0000000000000000e+00 	 0.0000000000000000e+00 	 -5.3690418940753159e+02
	 0.0000000000000000e+00 	 7.4741952355468209e+02 	 0.0000000000000000e+00 	 0.0000000000000000e+00 	 0.0000000000000000e+00 	 3.6146447551716804e+01
	 0.0000000000000000e+00 	 0.0000000000000000e+00 	 7.4741952355468209e+02 	 5.3690418940753159e+02 	 -3.6146447551716804e+01 	 0.0000000000000000e+00
	 0.0000000000000000e+00 	 0.0000000000000000e+00 	 5.3690418940753159e+02 	 3.4917269590681294e+03 	 -1.0939641964339327e+02 	 0.0000000000000000e+00
	 0.0000000000000000e+00 	 0.0000000000000000e+00 	 -3.6146447551716804e+01 	 -1.0939641964339327e+02 	 5.4635458875557833e+02 	 0.0000000000000000e+00
	 -5.3690418940753159e+02 	 3.6146447551716804e+01 	 0.0000000000000000e+00 	 0.0000000000000000e+00 	 0.0000000000000000e+00 	 4.0380815478237114e+03

	 0.246392 
	 3.9254457406803608e+08 	 4.3274168958817005e+07 	 0.0000000000000000e+00 	 0.0000000000000000e+00 	 0.0000000000000000e+00 	 1.1513178378873305e+08
	 4.3274168958450846e+07 	 7.0796397440179551e+08 	 0.0000000000000000e+00 	 0.0000000000000000e+00 	 0.0000000000000000e+00 	 7.2705818095618203e+07
	 0.0000000000000000e+00 	 0.0000000000000000e+00 	 2.5623727429175667e+10 	 1.7779350179333997e+09 	 -8.4048156376193261e+08 	 0.0000000000000000e+00
	 0.0000000000000000e+00 	 0.0000000000000000e+00 	 1.7779350179344664e+09 	 5.4030876198404694e+10 	 -3.4826821487744269e+09 	 0.0000000000000000e+00
	 0.0000000000000000e+00 	 0.0000000000000000e+00 	 -8.4048156376071119e+08 	 -3.4826821487739992e+09 	 2.6909509114146564e+10 	 0.0000000000000000e+00
	 1.1513178378904769e+08 	 7.2705818096593618e+07 	 0.0000000000000000e+00 	 0.0000000000000000e+00 	 0.0000000000000000e+00 	 1.9376791053868198e+09

	 7.2058790247222555e+02 	 0.0000000000000000e+00 	 0.0000000000000000e+00 	 0.0000000000000000e+00 	 0.0000000000000000e+00 	 -4.9925511655549519e+02
	 0.0000000000000000e+00 	 7.2058790247222555e+02 	 0.0000000000000000e+00 	 0.0000000000000000e+00 	 0.0000000000000000e+00 	 3.0305479172651463e+01
	 0.0000000000000000e+00 	 0.0000000000000000e+00 	 7.2058790247222555e+02 	 4.9925511655549519e+02 	 -3.0305479172651463e+01 	 0.0000000000000000e+00
	 0.0000000000000000e+00 	 0.0000000000000000e+00 	 4.9925511655549519e+02 	 3.1851349460356741e+03 	 -9.8746021879509456e+01 	 0.0000000000000000e+00
	 0.0000000000000000e+00 	 0.0000000000000000e+00 	 -3.0305479172651463e+01 	 -9.8746021879509456e+01 	 4.8940174970817611e+02 	 0.0000000000000000e+00
	 -4.9925511655549519e+02 	 3.0305479172651463e+01 	 0.0000000000000000e+00 	 0.0000000000000000e+00 	 0.0000000000000000e+00 	 3.6745366957438405e+03

	 0.269650 
	 3.7577394235918629e+08 	 3.8350311372685231e+07 	 0.0000000000000000e+00 	 0.0000000000000000e+00 	 0.0000000000000000e+00 	 1.0542837981646301e+08
	 3.8350311373000003e+07 	 6.9448295734907818e+08 	 0.0000000000000000e+00 	 0.0000000000000000e+00 	 0.0000000000000000e+00 	 6.4122783018754058e+07
	 0.0000000000000000e+00 	 0.0000000000000000e+00 	 2.5348159429755341e+10 	 1.8096345268929958e+09 	 -7.6380487566483879e+08 	 0.0000000000000000e+00
	 0.0000000000000000e+00 	 0.0000000000000000e+00 	 1.8096345268940887e+09 	 5.0846625555837860e+10 	 -2.9646096815450201e+09 	 0.0000000000000000e+00
	 0.0000000000000000e+00 	 0.0000000000000000e+00 	 -7.6380487566610003e+08 	 -2.9646096815445910e+09 	 2.4636259583222141e+10 	 0.0000000000000000e+00
	 1.0542837981674370e+08 	 6.4122783019534051e+07 	 0.0000000000000000e+00 	 0.0000000000000000e+00 	 0.0000000000000000e+00 	 1.7740723229896216e+09

	 6.9837094179780536e+02 	 0.0000000000000000e+00 	 0.0000000000000000e+00 	 0.0000000000000000e+00 	 0.0000000000000000e+00 	 -4.9100384094783266e+02
	 0.0000000000000000e+00 	 6.9837094179780536e+02 	 0.0000000000000000e+00 	 0.0000000000000000e+00 	 0.0000000000000000e+00 	 2.8882805762000352e+01
	 0.0000000000000000e+00 	 0.0000000000000000e+00 	 6.9837094179780536e+02 	 4.9100384094783266e+02 	 -2.8882805762000352e+01 	 0.0000000000000000e+00
	 0.0000000000000000e+00 	 0.0000000000000000e+00 	 4.9100384094783266e+02 	 2.9968454854689321e+03 	 -9.2818644135493358e+01 	 0.0000000000000000e+00
	 0.0000000000000000e+00 	 0.0000000000000000e+00 	 -2.8882805762000352e+01 	 -9.2818644135493358e+01 	 4.4309787563807424e+02 	 0.0000000000000000e+00
	 -4.9100384094783266e+02 	 2.8882805762000352e+01 	 0.0000000000000000e+00 	 0.0000000000000000e+00 	 0.0000000000000000e+00 	 3.4399433611069894e+03

	 0.293573 
	 3.5800385117498296e+08 	 3.4109708484137647e+07 	 0.0000000000000000e+00 	 0.0000000000000000e+00 	 0.0000000000000000e+00 	 9.6466549162417144e+07
	 3.4109708484741405e+07 	 6.7873062933957767e+08 	 0.0000000000000000e+00 	 0.0000000000000000e+00 	 0.0000000000000000e+00 	 5.5479172347455114e+07
	 0.0000000000000000e+00 	 0.0000000000000000e+00 	 2.4961093123886703e+10 	 1.7629721720569363e+09 	 -6.8177365531671405e+08 	 0.0000000000000000e+00
	 0.0000000000000000e+00 	 0.0000000000000000e+00 	 1.7629721720566058e+09 	 4.7021473135697762e+10 	 -2.5147733083262601e+09 	 0.0000000000000000e+00
	 0.0000000000000000e+00 	 0.0000000000000000e+00 	 -6.8177365531833947e+08 	 -2.5147733083276577e+09 	 2.2274941123597980e+10 	 0.0000000000000000e+00
	 9.6466549162222296e+07 	 5.5479172348497495e+07 	 0.0000000000000000e+00 	 0.0000000000000000e+00 	 0.0000000000000000e+00 	 1.6040327834106863e+09

